1
18 2 12 23
8 31 6
10 9 11

18 x
8 10
10 18
18 x
18 8
8 18
18 8
8 x
8 x
2 23
23 6
6 31
31 x
1 9
9 11
11 x
18 9
9 x
2 8
8 x
11 23
23 2
2 31
31 12
12 23
23 8
8 11
11 6
6 11
11 31
31 6
6 x
12 31
31 8
8 31
31 6
6 11
11 31
31 11
11 23
23 x
2 31
31 11
11 x
1 9
9 10
10 x
31 18
18 10
10 x
12 2
2 x
8 9
9 10
10 x
18 8
8 18
18 x
18 12
12 31
31 2
2 x
18 10
10 31
31 x
18 12
12 x
23 9
9 shot
31 18
18 x
31 8
8 6
6 11
11 x
10 x
18 1
1 2
2 6
6 2
2 23
23 11
11 x
1 x
23 6
6 x
rudiger goal
2 1
1 31
31 2
2 x
1 x
31 2
2 23
23 11
11 23
23 11
11 x
2 x
23 8
8 31
31 23
23 11
11 6
6 31
31 11
11 6
6 31
31 11
11 23
23 x
31 8
8 12
12 18
18 10
10 8
8 x
23 2
2 1
1 6
6 8
8 11
11 8
8 6
6 31
31 10
10 x
18 6
6 x
6 10
10 18
18 1
1 6
6 9
9 x
31 23
23 11
11 23
23 2
2 31
31 12
12 10
10 x
23 31
31 x
23 2
2 1
1 x
10 18
18 x
18 2
2 23
23 11
11 31
31 10
10 x
8 x
2 8
8 x
8 18
18 12
12 2
2 18
18 23
23 6
6 23
23 11
11 23
23 9
9 x
23 2
2 12
12 x
6 23
23 8
8 31
31 x
18 6
6 11
11 23
23 31
31 23
23 2
2 1
1 x
23 2
2 11
11 23
23 x
23 x
1 9
9 x
1 9
9 x
2 6
6 x
31 8
8 10
10 x
18 9
9 10
10 6
6 11
11 6
6 x
2 12
12 6
6 18
18 31
31 12
12 2
2 8
8 23
23 11
11 8
8 x
1 31
31 23
23 11
11 8
8 11
11 x
halftime
8 31
31 18
18 10
10 18
18 1
1 2
2 23
23 2
2 x
23 2
2 1
1 x
1 10
10 x
6 x
1 6
6 31
31 8
8 x
1 x
31 23
23 31
31 6
6 23
23 11
11 31
31 9
9 8
8 10
10 x
8 18
18 x
23 11
11 x
6 x
23 9
9 6
6 9
9 10
10 18
18 31
31 10
10 18
18 9
9 8
8 6
6 23
23 x
8 shot
18 shot
11 goal
31 6
6 x
6 8
8 31
31 6
6 shot
8 2
2 1
1 18
18 x
31 10
10 x
18 x
18 10
10 18
18 x
23 8
8 10
10 x
6 9
9 x
18 x
23 x
2 1
1 x
18 31
31 8
8 6
6 12
12 2
2 23
23 11
11 23
23 x
23 2
2 12
12 x
1 10
10 x
8 6
6 8
8 x
10 9
9 6
6 11
11 6
6 9
9 x
11 x
6 9
9 11
11 6
6 9
9 x
18 8
8 x
18 1
1 2
2 23
23 11
11 6
6 31
31 2
2 12
12 1
1 9
9 x
1 23
23 6
6 23
23 2
2 18
18 8
8 18
18 8
8 10
10 11
11 goal
mata >> herrera
6 11
11 6
1 x
21 31
31 x
1 9
9 21
21 shot
23 31
31 9
9 6
6 x
martial >> pereira
rashford >> alexis
1 x
2 23
23 x
2 x
7 9
9 x
18 9
9 15
15 9
9 x
18 x
18 x
23 21
21 23
23 21
21 7
7 21
21 7
7 x
7 21
21 x
23 21
21 7
7 x
31 15
15 x
1 x
15 9
9 15
15 9
9 x
12 15
15 x
18 15
15 x
21 9
9 6
6 7
7 9
9 7
7 x
31 x
1 x
