1
18 12 3 23
39 31 6
10 9 11

39 3
3 12
12 6
6 3
3 6
6 31
31 23
23 11
11 23
23 12
12 3
3 12
12 23
23 12
12 3
3 18
18 x
18 10
18 x
39 31
31 6
6 11
11 6
6 11
11 x
11 23
23 31
31 39
39 18
18 39
39 3
3 12
12 6
6 11
11 6
6 18
18 x
31 x
18 10
10 6
6 23
23 11
11 23
23 6
6 10
10 x
12 39
39 3
3 39
39 6
6 11
11 6
6 12
12 3
3 31
31 11
11 31
31 23
23 11
11 x
goal newcastle
goal newcastle
12 23
23 12
12 18
18 3
3 x
11 31
31 12
12 3
3 18
18 39
39 18
18 1
1 12
12 6
6 11
11 x
23 10
10 18
18 x
18 6
6 18
18 x
18 39
39 shot
18 6
6 18
18 10
10 x
18 10
10 6
6 12
12 10
10 x
3 39
39 x
31 11
11 9
9 x
10 x
18 3
3 x
10 18
18 x
31 12
12 23
23 11
11 6
6 11
11 31
31 12
12 3
3 12
12 23
23 x
31 x
31 10
10 11
11 x
12 3
3 31
31 18
18 x
bailly -> mata
18 31
31 shot
12 39
39 12
12 31
31 12
12 39
39 x
39 31
31 x
12 23
23 x
23 31
31 6
6 8
8 39
39 9
9 x
39 6
6 9
9 10
10 shot
23 31
31 8
8 18
18 x
18 31
31 39
39 12
12 23
23 11
11 10
10 23
23 6
6 shot
10 31
31 6
6 18
18 12
12 x
12 8
8 6
6 18
18 31
31 23
23 x
12 39
39 18
18 39
39 12
12 23
23 11
11 31
31 x
12 18
18 9
9 x
6 x
23 11
11 23
23 x
6 8
8 x
18 1
1 11
11 23
23 1
1 x
31 8
8 18
18 39
39 31
31 6
6 23
23 x
23 6
6 39
39 1
1 31
31 23
23 31
31 11
11 23
23 10
10 8
8 10
10 x
39 18
18 x
12 39
39 18
18 x
31 18
18 9
9 11
11 x
23 6
6 8
8 23
23 11
11 8
8 x
8 12
12 x
31 12
12 23
23 11
11 23
23 9
9 x
1 18
18 8
8 6
6 x
11 31
31 23
23 x
12 39
39 31
31 39
39 12
12 39
39 6
6 8
8 12
12 23
23 8
8 23
23 11
11 x
31 12
12 23
23 31
31 12
12 39
39 6
6 23
23 11
11 x
12 31
31 6
6 39
39 6
6 9
9 x
18 x
18 x
1 12
12 23
23 9
9 x
23 31
31 x
1 6
6 31
31 11
11 23
23 8
8 31
31 6
6 9
9 6
6 shot
39 1
1 23
23 11
11 23
23 31
31 39
39 18
18 31
31 39
39 12
12 23
23 6
6 11
11 x
23 6
6 11
11 x
12 6
6 12
12 31
31 23
23 12
12 x
1 6
6 11
11 x
31 18
18 x
23 x
12 39
39 12
12 23
23 11
11 x
12 6
6 12
12 31
31 23
23 11
11 31
31 8
8 23
23 11
11 6
6 shot
18 x
18 x
18 x
first half over
mctominay -> fellaini
9 6
6 x
23 8
8 23
23 31
31 6
6 1
1 12
12 18
18 6
6 18
18 x
18 27
27 18
18 8
8 x
6 8
8 12
12 6
6 x
6 8
8 12
12 6
6 9
9 x
6 27
27 6
6 x
6 1
1 10
10 9
9 x
11 23
23 31
31 6
6 8
8 12
12 31
31 23
23 27
27 x
31 6
6 x
18 12
12 31
31 8
8 18
18 8
8 10
10 x
6 1
1 6
6 23
23 11
11 23
23 27
27 23
23 10
10 18
18 x
18 27
27 6
6 shot
31 shot
1 6
6 8
8 27
27 18
18 x
18 27
27 10
10 6
6 23
23 x
12 31
31 6
6 11
11 9
9 x
8 shot
1 8
8 10
10 27
27 9
9 11
11 x
18 6
6 10
10 shot
27 18
18 1
1 x
1 6
6 31
31 11
11 23
23 31
31 12
12 8
8 18
18 12
12 31
31 11
11 10
10 shot
1 18
18 10
10 x
18 31
31 23
23 31
31 x
23 11
11 x
12 18
18 9
9 x
6 11
11 x
12 31
31 x
1 27
27 10
10 x
8 10
10 x
23 31
31 8
8 18
18 10
10 8
8 18
18 6
6 31
31 12
12 6
6 8
8 9
9 6
6 31
31 23
23 11
11 x
1 x
11 10
rashford -> sanchez
31 1
1 x
23 6
6 x
11 18
18 7
7 18
18 11
11 x
8 fk goal
1 6
6 27
27 11
11 x
1 11
11 27
27 23
23 6
6 27
27 23
23 11
11 x
23 27
27 6
6 x
6 11
11 27
27 12
12 18
18 8
8 12
12 31
31 23
23 11
11 6
6 23
23 8
8 23
23 8
8 6
6 11
11 9
9 27
27 shot
7 12
12 shot
6 8
8 x
12 8
8 18
18 12
12 31
31 11
11 31
31 12
12 8
8 7
7 6
6 8
8 11
11 23
23 x
6 11
11 6
6 11
11 goal
1 27
27 23
23 x
11 7
7 8
8 11
11 7
7 9
9 x
31 12
12 18
18 6
6 23
23 11
11 31
31 12
12 6
6 7
7 18
18 x
31 1
1 6
6 18
18 27
27 8
8 11
11 7
7 23
23 8
8 27
27 9
9 x
12 1
1 31
31 8
8 7
7 23
23 11
11 23
23 11
11 23
23 x
7 x
23 27
27 9
9 11
11 x
11 7
7 x
12 8
8 6
6 11
11 8
8 27
27 6
6 shot
23 6
6 12
12 18
18 x
23 11
11 6
6 7
7 x
31 9
9 x
31 6
6 8
8 23
23 11
11 8
8 11
11 7
7 11
11 9
9 18
18 x
23 8
8 6
6 7
7 11
11 23
23 7
7 6
6 18
18 9
9 8
8 27
27 x
23 6
6 7
7 9
9 6
6 18
18 7
7 goal
12 9
9 11
11 7
7 x
27 6
6 8
8 18
18 x
8 6
6 x
8 11
11 7
7 shot
7 6
6 12
12 18
18 x
27 6
6 8
8 x
23 6
6 1
1 x
27 6
6 18
18 8
8 9
9 18
18 8
8 9
9 x
18 27
27 x